224,89,58,17
224,89,58,17
224,89,58,17
224,89,58,172
224,89,58,17
224,89,58,17
224,89,58,17
224,89,58,172
224,89,58,17
224,89,58,17
224,89,58,17
224,89,58,172
224,89,58,17
224,89,58,17
224,89,58,17
224,89,58,172
224,89,58,17
224,89,58,17
224,89,58,17
224,89,58,172
224,89,58,17
224,89,58,17
224,89,58,17
224,89,58,172
224,89,58,17
224,89,58,17
224,89,58,17
224,89,58,172
224,89,58,17
224,89,58,17
224,89,58,17
224,89,58,172
224,89,58,17
224,89,58,17
224,89,58,17
224,89,58,172
224,89,58,17
224,89,58,17
224,89,58,17
224,89,58,172
224,89,58,17
224,89,58,17
224,89,58,17
224,89,58,172
224,89,58,17
224,89,58,17
224,89,58,17
224,89,58,172
224,89,58,17
224,89,58,17
224,89,58,17
224,89,58,172
224,89,58,17
224,89,58,17
224,89,58,17
224,89,58,172
224,89,58,17
224,89,58,17
224,89,58,17
224,89,58,172
224,89,58,17
224,89,58,17
224,89,58,17
224,89,58,172